ID	x1	x2	x3	x4	label
1	0.0103253237097	0.988386317082	0.0102055124695	-0.739107921979	0
2	2.04129834838	-0.0785829727906	-0.160425359596	2.18754903726	1
3	0.90070643584	-0.0418171856792	-0.0376663173277	1.72779465156	0
4	-0.0374627111309	-0.000295085689032	1.10551227498e-05	0.583014072659	1
5	0.863296119681	-0.532682280231	-0.459897718741	2.38101165611	1
6	2.08186702318	0.572525110423	1.1920334076	1.8742852745	1
7	0.561142677852	0.423724925109	0.237789790698	1.07979627108	0
8	0.944141609179	-0.710125443107	-0.67052472221	1.75578079362	1
9	-0.0189000986204	0.368452032954	-0.00696392753935	-0.144579660132	1
10	1.75771212166	0.341636352199	0.60054903987	1.51246381521	1
11	-0.22928497753	0.563311383728	-0.12916608404	0.128275513233	1
12	1.98636571689	-0.246605293132	-0.489859784516	2.65253303072	1
13	1.45383362189	-0.701124451724	-1.01938465675	2.96650687993	1
14	1.13322377277	1.12165480674	1.27112983105	0.952777611253	0
15	0.539584972498	0.528173891895	0.284995969294	0.536128650842	0
16	-0.363004361717	1.08950834883	-0.395529531687	-1.0143539659	0
17	0.277637144413	1.19216110668	0.331004797628	-0.693991880693	0
18	0.258931481848	0.853030497536	0.220880200165	0.127149175529	0
19	-0.284002857751	0.791490740059	-0.224788596438	-0.156685713898	0
20	1.11471838219	0.542538245113	0.60483536757	0.955779036705	0
21	-0.652006264179	0.610241250079	-0.39790770619	-0.440224702938	0
22	0.433247900088	-0.195242340425	-0.0845924918948	1.57467571116	1
23	0.734019121363	0.659257148333	0.483942540399	0.897476634467	0
24	0.717210668429	-0.461591685427	-0.331059387898	1.63810252404	1
25	-0.709590876122	-0.0655926628469	0.0465451282644	0.086798435099	0
26	-0.788515451464	-0.308457633111	0.243229982524	0.0996861434993	0
27	0.659363006555	0.322984850538	0.212985110154	0.610235391068	0
28	2.15114306921	0.0642354422693	0.138189321102	2.24132367599	1
29	1.84359499343	0.079294523074	0.146198643759	2.33002617335	1
30	1.41886750605	-0.170205045074	-0.24150290731	2.36338869132	1
31	0.428137084729	-0.137810648385	-0.059006399678	1.37489068615	1
32	1.10434921471	-0.93616312705	-1.03389348429	2.57866834301	1
33	1.86052078662	-0.0168214313244	-0.0312986302615	1.94206294443	1
34	0.448762861273	-0.339719613425	-0.152464251396	1.33043916644	1
35	0.0576195826843	0.54472552191	0.0313887037415	0.47225051986	1
36	-0.171036919808	0.999656386974	-0.170985774488	-0.563852710982	0
37	0.170900729255	0.986259535983	0.168557126909	0.110234026197	0
38	0.163190059432	0.226770024945	0.0370068924453	0.0249955227344	1
39	-0.157479809267	0.120930930429	-0.0190460482095	-0.0629390309232	1
40	1.01616363823	-0.604702421306	-0.614537760398	2.21430604005	1
41	1.43300875798	-0.0269514739647	-0.0386218788866	1.92708078859	0
42	0.574542646527	-0.35278363564	-0.202700908774	1.61365856188	1
43	-0.880291383953	0.111119125281	-0.0978221355025	-0.227198301941	0
44	-1.03659476208	0.195669798097	-0.202849924707	-0.252641717843	0
45	1.01670552258	0.35712957807	0.363111281201	1.57112829339	0
46	0.871447155283	1.29101071908	1.12509730823	0.208874234056	0
47	0.641094245336	1.45768264499	0.93458869937	-0.0946254335778	0
48	-0.44706245996	0.698310828677	-0.312199272561	-0.154830331034	0
49	-0.980786788817	0.24295652119	-0.238290473177	-0.831655391649	0
50	0.803637497739	0.180649729749	0.145185748658	1.09442063653	0
51	1.4823127847	-0.00433376294925	-0.00642444355523	1.95953350771	1
52	-0.290907802621	-0.203328705648	0.059150930168	-0.00909134410103	1
53	0.767960203857	0.37268047924	0.286226316333	0.876449180798	0
54	-0.523241826303	0.70227117121	-0.367481744718	-0.713422654637	0
55	0.230567728927	0.401393542482	0.0925508633065	0.726761070567	0
56	0.162802336461	0.217375887624	0.0353893792945	0.239003761516	1
57	0.567109294429	0.927213008839	0.525881628337	0.121005844962	0
58	-0.288626547722	0.339973069621	-0.098129697024	-0.00599890929583	0
59	0.202126140615	1.26770637423	0.25625170317	-0.366171391034	0
60	-0.0878364340728	0.530173191856	-0.0465701553773	-0.420748400502	1
61	0.663999646648	0.728391965368	0.483697793917	0.725218420717	0
62	-0.377695955932	0.979829742238	-0.370089036873	-1.08087688825	0
63	0.252918599165	-0.140583316667	-0.0355589206329	0.46736912346	1
64	0.122614704592	-0.30535970378	-0.0374451825355	0.434773599557	1
65	0.80938152132	-0.743062652294	-0.601480290148	2.28358358412	1
66	1.1829800806	-0.353987287261	-0.418775625094	2.43240651096	1
67	-0.200542734067	0.949088691578	-0.190346699736	-0.602661679813	0
68	1.5838427755	-0.57823301378	-0.915833389188	2.52233443793	1
69	0.724286222247	0.610816669464	0.442446360187	0.493326990295	0
70	2.11699416842	-0.599499678232	-1.26916985604	3.50087286704	1
71	0.262357455305	0.864443321324	0.226810520185	0.325518374128	0
72	-0.839117775772	0.912792133286	-0.765977190777	-0.985767906143	0
73	-0.901922986086	0.0604087016387	-0.0544893880495	-0.142901764862	0
74	2.01777399189	0.164730041656	0.332399479446	2.14466314629	1
75	2.1211352406	0.458457977765	0.972519556052	2.57668325908	1
76	0.405243060869	-0.638477975648	-0.258745875891	1.49808021296	1
77	0.336296480145	1.08953360983	0.366432174345	-0.0126586430686	0
78	1.77420704168	0.413318233831	0.733322753937	1.42040778526	1
79	0.672203908857	-0.45385065904	-0.305084507681	1.70560950939	1
80	1.26632390012	-0.490394131346	-0.621015789263	2.31885930155	1
81	-0.120113654052	1.20435286829	-0.144668445523	-1.20414155009	0
82	-0.587852417696	0.994997516818	-0.584929255039	-1.53301382213	0
83	1.30916178977	-0.241497143423	-0.316182787576	2.15371469071	1
84	-0.893087904122	0.453054963056	-0.40463528333	-0.97842460297	0
85	-0.907387680268	-0.280581499284	0.254608993213	-0.0870380528117	0
86	0.0920941573017	0.0362042770562	0.00333431371673	0.18067208739	1
87	0.185826798632	-0.0551334918506	-0.0102454005878	0.45698965323	1
88	0.730942029145	0.350629831841	0.256292216629	0.852322939354	0
89	1.69602794162	-0.193073318529	-0.327465817286	2.32070304982	1
90	0.542279769225	-0.174211136629	-0.0944739515665	1.10937778721	1
91	1.67606003731	-0.38666096866	-0.648099764419	2.51338268435	1
92	-0.796819165913	0.649555218609	-0.517602535977	-1.24177307634	0
93	0.288511011195	0.81751743491	0.235875847487	-0.336551413896	0
94	1.40032796727	-0.733483022318	-1.02720917904	2.7137729123	1
95	1.11499427441	0.58959458929	0.657403821724	1.1530584508	0
96	1.74647077144	0.541239953397	0.945299328803	1.74237246415	1
97	0.271762979564	-0.608200873365	-0.165301312473	0.954614483069	1
98	0.856846936982	-0.396776613392	-0.340003870798	2.08905074856	1
99	-1.26404862263	0.37390648496	-0.472672463312	-1.10898204136	0
100	-1.2388573282	0.205973944863	-0.255194439215	-0.788354062886	0
